"id" "gender" "math" "daysabs" "prog"
"1" 1001 2 63 4 2
"2" 1002 2 27 4 2
"3" 1003 1 20 2 2
"4" 1004 1 16 3 2
"5" 1005 1 2 3 2
"6" 1006 1 71 13 2
"7" 1007 1 63 11 2
"8" 1008 2 3 7 2
"9" 1009 2 51 10 2
"10" 1010 2 49 9 3
"11" 1011 1 31 4 3
"12" 1012 2 22 5 2
"13" 1013 1 73 5 2
"14" 1014 1 77 6 1
"15" 1015 2 10 1 3
"16" 1016 2 89 0 2
"17" 1017 1 34 1 2
"18" 1018 1 35 0 2
"19" 1019 2 77 5 1
"20" 1020 2 4 24 2
"21" 1021 1 21 2 2
"22" 1022 2 61 0 2
"23" 1023 2 41 1 2
"24" 1024 2 63 0 2
"25" 1025 1 19 8 2
"26" 1026 2 55 6 1
"27" 1027 2 6 7 2
"28" 1028 1 21 0 2
"29" 1029 2 70 2 2
"30" 1030 2 79 3 1
"31" 1031 2 1 0 2
"32" 1032 1 29 1 2
"33" 1033 2 40 3 2
"34" 1034 2 39 0 2
"35" 1035 2 68 0 2
"36" 1036 1 20 28 2
"37" 1037 2 10 8 2
"38" 1038 2 84 5 2
"39" 1039 2 1 5 1
"40" 1040 1 35 27 2
"41" 1041 1 32 5 2
"42" 1042 1 34 18 2
"43" 1043 1 40 19 2
"44" 1044 2 29 9 2
"45" 1045 2 20 9 2
"46" 1046 1 27 4 2
"47" 1047 2 74 2 2
"48" 1048 2 38 3 2
"49" 1049 2 21 9 2
"50" 1050 1 81 20 2
"51" 1051 2 16 6 2
"52" 1052 2 59 0 2
"53" 1053 2 48 27 2
"54" 1054 1 55 12 2
"55" 1055 1 4 34 2
"56" 1056 2 57 1 2
"57" 1057 2 5 28 1
"58" 1058 2 3 8 1
"59" 1059 1 23 3 2
"60" 1060 1 35 2 2
"61" 1061 2 33 1 2
"62" 1062 1 27 7 2
"63" 1063 2 13 4 2
"64" 1064 2 46 8 2
"65" 1065 1 30 6 2
"66" 1066 2 32 16 2
"67" 1067 1 26 6 1
"68" 1068 1 14 4 2
"69" 1069 1 31 3 3
"70" 1070 1 48 5 2
"71" 1071 2 72 0 2
"72" 1072 2 79 9 2
"73" 1073 2 15 0 3
"74" 1074 2 24 8 2
"75" 1075 1 55 0 3
"76" 1076 1 13 14 1
"77" 1077 2 34 4 2
"78" 1078 2 67 2 2
"79" 1079 2 1 35 2
"80" 1080 1 21 23 2
"81" 1081 1 33 13 2
"82" 1082 2 78 6 2
"83" 1083 1 84 3 1
"84" 1084 2 59 6 2
"85" 1085 2 75 0 2
"86" 1086 2 22 11 1
"87" 1087 1 49 11 2
"88" 1088 1 13 11 2
"89" 1089 2 84 4 3
"90" 1090 2 27 6 2
"91" 1091 1 27 23 2
"92" 1092 1 70 5 2
"93" 1093 2 96 5 2
"94" 1094 1 70 29 1
"95" 1095 1 10 7 2
"96" 1096 2 14 1 2
"97" 1097 2 20 9 2
"98" 1098 2 11 11 2
"99" 1099 2 42 18 2
"100" 1100 2 2 12 2
"101" 1101 2 24 6 1
"102" 1102 2 37 0 2
"103" 1103 2 13 4 2
"104" 1104 2 3 10 2
"105" 1105 2 70 19 1
"106" 1106 1 27 1 2
"107" 1107 1 1 12 1
"108" 1108 1 61 3 2
"109" 1109 2 44 0 2
"110" 1110 2 35 9 2
"111" 1111 2 78 14 2
"112" 1112 1 3 7 2
"113" 1113 2 21 3 2
"114" 1114 2 26 10 2
"115" 1115 2 44 12 2
"116" 1116 1 47 6 2
"117" 1117 1 35 35 2
"118" 1118 1 8 16 1
"119" 1119 1 87 3 2
"120" 1120 2 3 10 2
"121" 1121 2 6 6 2
"122" 1122 2 89 3 1
"123" 1123 2 13 2 2
"124" 1124 2 84 6 2
"125" 1125 2 90 5 2
"126" 1126 1 71 13 2
"127" 1127 1 15 7 1
"128" 1128 1 41 5 2
"129" 1129 1 63 3 2
"130" 1130 1 34 30 2
"131" 1131 1 45 16 2
"132" 1132 1 29 15 2
"133" 1133 1 3 12 2
"134" 1134 2 35 1 2
"135" 1135 2 32 4 1
"136" 1136 2 22 7 2
"137" 1137 1 81 1 2
"138" 1139 1 73 10 2
"139" 1140 2 69 3 2
"140" 1141 1 27 30 1
"141" 1142 1 13 2 2
"142" 1143 1 76 13 2
"143" 1144 1 7 5 1
"144" 1145 2 59 5 2
"145" 1146 1 29 5 2
"146" 1147 1 57 4 2
"147" 1148 1 44 3 2
"148" 1149 1 53 20 2
"149" 1150 1 23 12 2
"150" 1151 1 29 34 1
"151" 1152 2 40 6 2
"152" 1153 2 49 14 2
"153" 1154 1 38 16 1
"154" 1155 2 31 9 1
"155" 1156 1 21 15 1
"156" 1157 2 8 15 1
"157" 1158 2 37 0 2
"158" 1159 2 53 1 2
"159" 2001 1 31 4 3
"160" 2002 2 57 0 3
"161" 2003 2 57 0 3
"162" 2004 2 59 2 3
"163" 2005 1 29 1 3
"164" 2006 1 41 2 2
"165" 2007 2 71 0 3
"166" 2008 1 59 0 3
"167" 2009 2 71 0 3
"168" 2010 1 70 7 3
"169" 2011 2 77 2 3
"170" 2012 1 70 9 2
"171" 2013 1 87 6 3
"172" 2014 2 59 4 3
"173" 2015 2 65 1 3
"174" 2016 1 28 7 2
"175" 2017 2 77 0 3
"176" 2018 2 65 0 3
"177" 2019 1 73 4 3
"178" 2020 2 99 2 2
"179" 2021 1 57 0 3
"180" 2022 1 77 4 3
"181" 2023 1 57 2 2
"182" 2024 1 47 21 1
"183" 2025 1 24 1 3
"184" 2026 2 84 0 3
"185" 2027 1 73 1 3
"186" 2028 2 81 16 3
"187" 2029 1 52 9 1
"188" 2030 1 75 16 3
"189" 2031 2 65 0 2
"190" 2032 1 44 11 1
"191" 2033 2 44 1 3
"192" 2034 1 79 2 3
"193" 2035 1 20 3 3
"194" 2036 1 16 4 2
"195" 2037 1 99 2 2
"196" 2038 1 71 7 1
"197" 2039 2 46 7 3
"198" 2040 1 57 0 2
"199" 2041 1 67 1 2
"200" 2042 1 87 1 3
"201" 2043 1 70 0 3
"202" 2044 1 21 13 3
"203" 2045 1 31 1 3
"204" 2046 2 63 0 3
"205" 2047 1 44 1 2
"206" 2048 2 34 0 3
"207" 2049 1 77 4 1
"208" 2050 1 94 0 3
"209" 2051 1 41 4 1
"210" 2052 1 67 0 3
"211" 2053 1 61 2 3
"212" 2054 2 82 0 3
"213" 2055 1 63 4 1
"214" 2056 2 63 0 3
"215" 2057 1 77 4 3
"216" 2058 2 46 3 3
"217" 2059 2 8 1 3
"218" 2060 1 61 0 2
"219" 2061 1 71 1 2
"220" 2062 1 65 4 3
"221" 2063 1 41 1 2
"222" 2064 2 16 9 2
"223" 2065 1 22 0 3
"224" 2066 2 57 4 2
"225" 2067 1 51 8 2
"226" 2068 2 74 13 2
"227" 2069 2 41 0 3
"228" 2070 2 87 0 3
"229" 2071 2 67 0 3
"230" 2072 1 99 0 2
"231" 2073 1 63 2 2
"232" 2074 1 65 5 3
"233" 2075 1 71 1 3
"234" 2076 2 77 0 3
"235" 2077 1 67 3 1
"236" 2078 1 79 1 2
"237" 2079 1 20 2 3
"238" 2080 2 84 4 1
"239" 2081 2 28 5 2
"240" 2082 1 20 3 3
"241" 2083 2 26 1 3
"242" 2084 1 75 3 2
"243" 2085 1 63 6 3
"244" 2086 2 39 8 3
"245" 2087 2 32 21 2
"246" 2088 2 15 1 2
"247" 2089 1 55 7 3
"248" 2090 1 32 5 2
"249" 2091 2 34 1 2
"250" 2092 1 67 1 3
"251" 2093 1 41 0 3
"252" 2094 2 41 4 3
"253" 2095 1 29 0 2
"254" 2096 2 43 14 3
"255" 2097 1 77 2 2
"256" 2098 1 53 2 3
"257" 2099 1 44 2 3
"258" 2100 2 51 0 3
"259" 2101 2 67 1 3
"260" 2102 2 49 19 3
"261" 2103 1 37 2 2
"262" 2104 2 65 11 3
"263" 2105 2 43 3 1
"264" 2106 1 48 5 2
"265" 2107 1 99 16 1
"266" 2108 1 34 0 3
"267" 2109 2 87 5 3
"268" 2110 2 75 3 3
"269" 2111 1 57 2 2
"270" 2112 2 61 2 3
"271" 2113 2 73 8 1
"272" 2114 1 70 0 3
"273" 2115 1 99 3 3
"274" 2116 2 73 0 3
"275" 2117 2 66 1 3
"276" 2118 2 57 9 2
"277" 2119 2 77 1 3
"278" 2120 2 53 0 3
"279" 2121 2 73 0 3
"280" 2122 2 84 1 3
"281" 2123 2 83 12 2
"282" 2124 1 77 3 3
"283" 2125 2 44 0 3
"284" 2126 1 79 1 3
"285" 2127 2 53 8 1
"286" 2128 1 43 1 3
"287" 2129 2 46 1 3
"288" 2130 1 35 7 2
"289" 2131 1 63 6 3
"290" 2132 1 75 0 3
"291" 2133 1 84 8 3
"292" 2134 2 41 0 2
"293" 2135 1 32 1 3
"294" 2136 2 12 0 2
"295" 2137 2 61 4 3
"296" 2138 1 99 17 2
"297" 2139 2 67 9 1
"298" 2140 1 35 0 3
"299" 2141 1 70 0 3
"300" 2142 1 87 1 3
"301" 2143 2 70 3 3
"302" 2144 2 57 1 2
"303" 2145 2 44 2 3
"304" 2146 1 26 2 3
"305" 2147 2 63 2 3
"306" 2148 1 8 5 2
"307" 2150 2 63 3 3
"308" 2151 1 59 7 3
"309" 2152 1 46 1 3
"310" 2153 2 26 1 2
"311" 2154 1 79 3 3
"312" 2155 1 59 0 2
"313" 2156 1 90 0 3
"314" 2157 1 77 2 3
